4.16584676273357 6.34942953861799
3.33082351069907 6.90603231067077
2.58424645702253 7.56958595283805
1.47297934106626 7.83138364582758
0.61082161509534 7.8569173195766
-0.196050450070777 8.08530119233108
-0.544156038817898 7.80817672165614
-1.28246642546071 7.87010695207002
-1.63043161226078 7.1834632267691
-2.221820399184 6.90997758865912
-2.00059389724498 5.98194273027516
-2.15744361683125 5.09860569714533
-1.97986477982052 4.45282315413295
-1.46624432365347 3.73297546335302
-0.983518290087079 2.75265355343305
0.0410180081205422 2.1201422584841
0.66038668129538 1.36320139527392
1.46836659628674 0.485777355781725
2.35447407330935 0.0254793508686588
3.08530348988279 -0.0428296417343899
3.98516203723584 -0.354566138009038
4.55967911907264 -0.126731579903155
5.30904946859824 0.213929846382841
5.6463608048532 0.544644722062498
6.2640944933713 1.21960206368075
5.91113543002665 2.0470638204279
6.1709577337509 3.03756646725307
6.03443632478728 3.45408973698006
5.55178283549285 4.45253153838963
4.93733292914113 5.56292149790445
